Number of nodes 575 
     0 :  1.4694847e+00  1.0110118e-01 
     1 :  2.0016393e+00  1.8032787e-02 
     2 : -1.1467638e+00  1.0143158e-01 
     3 :  2.1429447e-01  1.7011817e-01 
     4 :  1.4667081e+00  1.2574469e-01 
     5 :  1.4585173e+00  1.4915246e-01 
     6 :  1.4453232e+00  1.7015075e-01 
     7 :  1.4277874e+00  1.8768660e-01 
     8 :  1.4067891e+00  2.0088070e-01 
     9 :  1.3833813e+00  2.0907144e-01 
    10 :  1.3587378e+00  2.1184809e-01 
    11 :  1.3340943e+00  2.0907144e-01 
    12 :  1.3106865e+00  2.0088070e-01 
    13 :  1.2896882e+00  1.8768660e-01 
    14 :  1.2721524e+00  1.7015075e-01 
    15 :  1.2589583e+00  1.4915246e-01 
    16 :  1.2507675e+00  1.2574469e-01 
    17 :  1.2479909e+00  1.0110118e-01 
    18 :  1.2507675e+00  7.6457674e-02 
    19 :  1.2589583e+00  5.3049895e-02 
    20 :  1.2721524e+00  3.2051609e-02 
    21 :  1.2896882e+00  1.4515757e-02 
    22 :  1.3106865e+00  1.3216594e-03 
    23 :  1.3340943e+00 -6.8690765e-03 
    24 :  1.3587378e+00 -9.6457328e-03 
    25 :  1.3833813e+00 -6.8690765e-03 
    26 :  1.4067891e+00  1.3216594e-03 
    27 :  1.4277874e+00  1.4515757e-02 
    28 :  1.4453232e+00  3.2051609e-02 
    29 :  1.4585173e+00  5.3049895e-02 
    30 :  1.4667081e+00  7.6457674e-02 
    31 :  1.9202646e+00  7.3216347e-02 
    32 :  1.8300623e+00  1.1384271e-01 
    33 :  1.7378466e+00  1.4971170e-01 
    34 :  1.6446385e+00  1.8276721e-01 
    35 :  1.5631352e+00  2.0980191e-01 
    36 :  1.5044190e+00  2.2839174e-01 
    37 :  1.4599528e+00  2.4202854e-01 
    38 :  1.4219185e+00  2.5341035e-01 
    39 :  1.3855881e+00  2.6404993e-01 
    40 :  1.3471897e+00  2.7505730e-01 
    41 :  1.3017922e+00  2.8776558e-01 
    42 :  1.2411470e+00  3.0424240e-01 
    43 :  1.1565491e+00  3.2630207e-01 
    44 :  1.0605088e+00  3.5007686e-01 
    45 :  9.6415553e-01  3.7260149e-01 
    46 :  8.6751762e-01  3.9387170e-01 
    47 :  7.7060990e-01  4.1387671e-01 
    48 :  6.7344615e-01  4.3259859e-01 
    49 :  5.7603972e-01  4.5001361e-01 
    50 :  4.7840397e-01  4.6609313e-01 
    51 :  3.8055271e-01  4.8080421e-01 
    52 :  2.8250051e-01  4.9410987e-01 
    53 :  1.8508927e-01  5.0587575e-01 
    54 :  9.3279168e-02  5.1560924e-01 
    55 :  5.4796438e-03  5.2365690e-01 
    56 : -8.4235180e-02  5.3057420e-01 
    57 : -1.8023813e-01  5.3647277e-01 
    58 : -2.7908547e-01  5.4086967e-01 
    59 : -3.7800074e-01  5.4350536e-01 
    60 : -4.7694777e-01  5.4430567e-01 
    61 : -5.7589159e-01  5.4318900e-01 
    62 : -6.7479221e-01  5.4006466e-01 
    63 : -7.7360347e-01  5.3483107e-01 
    64 : -8.7227156e-01  5.2737342e-01 
    65 : -9.7073303e-01  5.1756063e-01 
    66 : -1.0689120e+00  5.0524115e-01 
    67 : -1.1667163e+00  4.9023740e-01 
    68 : -1.2634258e+00  4.7245904e-01 
    69 : -1.3533895e+00  4.5300336e-01 
    70 : -1.4365523e+00  4.3220969e-01 
    71 : -1.5181207e+00  4.0883258e-01 
    72 : -1.6033574e+00  3.8073316e-01 
    73 : -1.6939266e+00  3.4589779e-01 
    74 : -1.7838982e+00  3.0475605e-01 
    75 : -1.8703084e+00  2.5661120e-01 
    76 : -1.9509075e+00  1.9933035e-01 
    77 : -2.0205399e+00  1.2930610e-01 
    78 : -2.0646103e+00  4.1618397e-02 
    79 : -2.0507793e+00 -5.4109291e-02 
    80 : -1.9824907e+00 -1.2448691e-01 
    81 : -1.8946643e+00 -1.6964036e-01 
    82 : -1.8004940e+00 -1.9982565e-01 
    83 : -1.7037747e+00 -2.2060444e-01 
    84 : -1.6058790e+00 -2.3493485e-01 
    85 : -1.5087534e+00 -2.4444930e-01 
    86 : -1.4169613e+00 -2.5019373e-01 
    87 : -1.3279507e+00 -2.5338549e-01 
    88 : -1.2360889e+00 -2.5468578e-01 
    89 : -1.1385064e+00 -2.5424461e-01 
    90 : -1.0395763e+00 -2.5221632e-01 
    91 : -9.4068165e-01 -2.4887347e-01 
    92 : -8.4182954e-01 -2.4444324e-01 
    93 : -7.4302168e-01 -2.3911420e-01 
    94 : -6.4425641e-01 -2.3304545e-01 
    95 : -5.4552999e-01 -2.2637332e-01 
    96 : -4.4683751e-01 -2.1921609e-01 
    97 : -3.4817340e-01 -2.1167744e-01 
    98 : -2.4953186e-01 -2.0384874e-01 
    99 : -1.5106412e-01 -1.9582440e-01 
   100 : -5.7091527e-02 -1.8803855e-01 
   101 :  3.1248190e-02 -1.8065790e-01 
   102 :  1.1972902e-01 -1.7325010e-01 
   103 :  2.1400600e-01 -1.6538499e-01 
   104 :  3.1251270e-01 -1.5724439e-01 
   105 :  4.1113833e-01 -1.4921764e-01 
   106 :  5.0977711e-01 -1.4135406e-01 
   107 :  6.0843152e-01 -1.3368916e-01 
   108 :  7.0710345e-01 -1.2625325e-01 
   109 :  8.0579416e-01 -1.1907101e-01 
   110 :  9.0450428e-01 -1.1216069e-01 
   111 :  1.0032338e+00 -1.0553258e-01 
   112 :  1.1019818e+00 -9.9186540e-02 
   113 :  1.1961549e+00 -9.3385299e-02 
   114 :  1.2681482e+00 -8.9097609e-02 
   115 :  1.3234256e+00 -8.5877576e-02 
   116 :  1.3719119e+00 -8.3091962e-02 
   117 :  1.4207681e+00 -8.0308455e-02 
   118 :  1.4773350e+00 -7.7090511e-02 
   119 :  1.5517983e+00 -7.2800365e-02 
   120 :  1.6473864e+00 -6.7000018e-02 
   121 :  1.7461009e+00 -6.0162672e-02 
   122 :  1.8446478e+00 -5.1266622e-02 
   123 :  1.9424457e+00 -3.6504301e-02 
   124 : -1.1524776e+00  1.5031614e-01 
   125 : -1.1693109e+00  1.9656532e-01 
   126 : -1.1963563e+00  2.3768582e-01 
   127 : -1.2321557e+00  2.7146082e-01 
   128 : -1.2747792e+00  2.9606949e-01 
   129 : -1.3219289e+00  3.1018519e-01 
   130 : -1.3710630e+00  3.1304692e-01 
   131 : -1.4195326e+00  3.0450042e-01 
   132 : -1.4647248e+00  2.8500642e-01 
   133 : -1.5042032e+00  2.5561586e-01 
   134 : -1.5358395e+00  2.1791318e-01 
   135 : -1.5579282e+00  1.7393095e-01 
   136 : -1.5692785e+00  1.2604026e-01 
   137 : -1.5692785e+00  7.6822906e-02 
   138 : -1.5579282e+00  2.8932216e-02 
   139 : -1.5358395e+00 -1.5050016e-02 
   140 : -1.5042032e+00 -5.2752694e-02 
   141 : -1.4647248e+00 -8.2143258e-02 
   142 : -1.4195326e+00 -1.0163725e-01 
   143 : -1.3710630e+00 -1.1018376e-01 
   144 : -1.3219289e+00 -1.0732202e-01 
   145 : -1.2747792e+00 -9.3206328e-02 
   146 : -1.2321557e+00 -6.8597653e-02 
   147 : -1.1963563e+00 -3.4822657e-02 
   148 : -1.1693109e+00  6.2978395e-03 
   149 : -1.1524776e+00  5.2547021e-02 
   150 :  2.0851814e-01  2.1953788e-01 
   151 :  1.9150053e-01  2.6629336e-01 
   152 :  1.6415909e-01  3.0786400e-01 
   153 :  1.2796778e-01  3.4200874e-01 
   154 :  8.4877704e-02  3.6688681e-01 
   155 :  3.7211844e-02  3.8115703e-01 
   156 : -1.2460115e-02  3.8405009e-01 
   157 : -6.1460347e-02  3.7541003e-01 
   158 : -1.0714724e-01  3.5570263e-01 
   159 : -1.4705779e-01  3.2599032e-01 
   160 : -1.7904042e-01  2.8787491e-01 
   161 : -2.0137093e-01  2.4341120e-01 
   162 : -2.1284549e-01  1.9499624e-01 
   163 : -2.1284549e-01  1.4524011e-01 
   164 : -2.0137093e-01  9.6825149e-02 
   165 : -1.7904042e-01  5.2361439e-02 
   166 : -1.4705779e-01  1.4246025e-02 
   167 : -1.0714724e-01 -1.5466281e-02 
   168 : -6.1460347e-02 -3.5173681e-02 
   169 : -1.2460115e-02 -4.3813743e-02 
   170 :  3.7211844e-02 -4.0920681e-02 
   171 :  8.4877704e-02 -2.6650460e-02 
   172 :  1.2796778e-01 -1.7723902e-03 
   173 :  1.6415909e-01  3.2372344e-02 
   174 :  1.9150053e-01  7.3942992e-02 
   175 :  2.0851814e-01  1.2069847e-01 
   176 : -2.5593557e-01  1.7011817e-01 
   177 : -1.1062418e+00  1.2844165e-01 
   178 : -5.9609927e-01 -1.4441804e-01 
   179 :  1.2276394e+00  1.1767151e-01 
   180 :  2.5546170e-01  1.2983851e-01 
   181 : -8.2547633e-01  4.4400782e-01 
   182 : -5.2794356e-01  4.6565754e-01 
   183 :  5.5246632e-01 -5.2084391e-02 
   184 : -1.1209719e+00  1.4421356e-02 
   185 : -1.6050779e+00  4.3047911e-02 
   186 : -2.2871238e-01  5.5254501e-02 
   187 :  5.1602488e-01  3.8206077e-01 
   188 : -2.2849408e-01  2.8734930e-01 
   189 : -1.1487339e+00  2.4167680e-01 
   190 :  7.6349868e-01 -5.5347144e-02 
   191 :  2.4026740e-01  2.5812633e-01 
   192 :  1.4894383e+00  8.6374772e-02 
   193 : -8.9396196e-01 -1.6348726e-01 
   194 :  1.2346774e+00  5.7457074e-02 
   195 :  1.0512646e+00 -2.8397620e-02 
   196 :  7.0649739e-01  3.3655761e-01 
   197 :  1.2475635e+00  1.7216929e-01 
   198 :  1.0908507e+00  2.5654198e-01 
   199 : -4.1376302e-01 -1.3221814e-01 
   200 :  8.9060276e-01  3.0135636e-01 
   201 : -1.8610333e+00  1.5821501e-01 
   202 : -1.6029594e+00  1.6292887e-01 
   203 : -9.9240763e-01  4.2385375e-01 
   204 :  2.1307426e-01  2.6241891e-02 
   205 :  1.2621786e+00  8.8618432e-03 
   206 : -1.8221162e+00 -1.1007351e-01 
   207 :  1.4693580e+00  2.8825227e-02 
   208 : -1.5520045e+00 -6.0738420e-02 
   209 : -1.1850060e+00 -8.2713348e-02 
   210 : -3.3260641e-01  4.5943341e-01 
   211 : -1.2247729e+00  3.2124818e-01 
   212 : -1.5283412e-01 -3.5173681e-02 
   213 :  1.4843656e+00  1.4319580e-01 
   214 :  1.5947696e+00 -2.9339296e-03 
   215 :  1.2890291e+00  2.1204198e-01 
   216 :  3.5487798e-01 -6.7865848e-02 
   217 :  1.8305904e-01  3.5500212e-01 
   218 : -1.5226409e-01  3.7464434e-01 
   219 :  1.5912981e+00  1.3953124e-01 
   220 :  3.3189396e-01  4.1655239e-01 
   221 :  1.4275438e+00 -1.1051901e-02 
   222 : -1.9766125e+00  1.6281302e-02 
   223 : -1.5520045e+00  2.6360158e-01 
   224 :  1.2932693e-01 -5.0563797e-02 
   225 :  1.3126422e+00 -2.3430551e-02 
   226 : -1.6913179e+00  2.6347452e-01 
   227 : -1.1063878e+00 -1.7577828e-01 
   228 : -1.2887113e+00 -1.4240130e-01 
   229 : -1.4612957e+00 -1.3114605e-01 
   230 : -1.6375774e+00 -1.4399021e-01 
   231 : -4.4276984e-02  4.2122543e-01 
   232 :  1.4523861e+00  1.9277189e-01 
   233 :  1.5126441e+00 -1.6446298e-02 
   234 :  1.5489660e+00  4.0360850e-02 
   235 : -4.4442745e-02 -8.1929157e-02 
   236 : -1.1151681e+00  1.9295141e-01 
   237 : -1.0610724e+00  1.6256064e-01 
   238 : -1.0571479e+00  9.8691207e-02 
   239 : -1.0048648e+00  1.3621299e-01 
   240 : -9.9919932e-01  6.8123554e-02 
   241 : -9.4249330e-01  1.0883868e-01 
   242 : -9.5009733e-01  1.7801289e-01 
   243 : -8.8380175e-01  1.5024244e-01 
   244 : -8.7749923e-01  7.6574994e-02 
   245 : -8.1460238e-01  1.1850558e-01 
   246 : -8.1079701e-01  4.2981783e-02 
   247 : -7.4367147e-01  8.5020858e-02 
   248 : -7.5039671e-01  1.6380549e-01 
   249 : -6.7818980e-01  1.3082430e-01 
   250 : -6.8568757e-01  2.1009920e-01 
   251 : -6.1355811e-01  1.7657937e-01 
   252 : -6.0668758e-01  9.8012979e-02 
   253 : -5.4462500e-01  1.4545571e-01 
   254 : -5.5159372e-01  2.2036528e-01 
   255 : -4.8185848e-01  1.8927942e-01 
   256 : -4.7416428e-01  1.2088387e-01 
   257 : -8.9215590e-01  2.2428922e-01 
   258 : -4.8997049e-01  2.6338073e-01 
   259 : -4.2192660e-01  2.3355950e-01 
   260 : -1.0622442e+00  2.2570980e-01 
   261 : -7.5237875e-01  4.8104553e-03 
   262 : -5.6006882e-01  2.9716134e-01 
   263 : -4.3014281e-01  3.0672762e-01 
   264 : -7.5795958e-01  2.4279111e-01 
   265 : -3.6030472e-01  2.7896697e-01 
   266 : -6.9258244e-01  2.8926734e-01 
   267 : -9.5847584e-01  2.4678197e-01 
   268 : -9.0071194e-01  2.9963376e-01 
   269 : -8.7063075e-01  4.1337343e-03 
   270 : -3.6230962e-01  2.1328690e-01 
   271 : -7.6455828e-01  3.2209724e-01 
   272 : -7.0208755e-01  3.6390476e-01 
   273 : -2.5807810e-01  2.3455022e-01 
   274 : -1.9494042e-01  3.3396204e-01 
   275 : -2.5072689e-01  3.4042980e-01 
   276 : -2.0629760e-01  3.8995520e-01 
   277 : -2.4810794e-01  1.1131551e-01 
   278 : -2.8641693e-01  6.9783489e-02 
   279 : -2.6501381e-01  9.8584776e-03 
   280 : -3.3063477e-01  1.7219352e-02 
   281 : -3.4630572e-01  8.4503963e-02 
   282 : -3.9362747e-01  3.2796871e-02 
   283 : -3.0919909e-01 -4.9636999e-02 
   284 : -2.3776798e-01 -5.5876617e-02 
   285 :  1.3932937e-01  3.9176812e-01 
   286 :  1.1911510e-02  4.2408781e-01 
   287 :  9.2491396e-02  4.2093065e-01 
   288 : -1.0093024e-01  4.0410078e-01 
   289 : -1.5000763e-01  4.2987610e-01 
   290 :  2.1597743e-01  3.0910911e-01 
   291 :  2.7111113e-01  3.0629244e-01 
   292 :  2.9905152e-01  2.5223566e-01 
   293 :  3.3313704e-01  3.0468344e-01 
   294 :  3.6703508e-01  2.4836506e-01 
   295 :  3.3055484e-01  1.9282509e-01 
   296 :  3.9905500e-01  1.8620305e-01 
   297 :  3.6038056e-01  1.2946619e-01 
   298 :  4.3318757e-01  1.1950277e-01 
   299 :  4.7674607e-01  1.8395347e-01 
   300 :  5.1279125e-01  1.1157668e-01 
   301 :  5.5997859e-01  1.8218464e-01 
   302 :  5.9934366e-01  1.0382639e-01 
   303 :  6.4838451e-01  1.7778379e-01 
   304 :  4.6451589e-01  5.1162492e-02 
   305 :  6.9060779e-01  9.9746522e-02 
   306 :  7.4223912e-01  1.7314447e-01 
   307 :  7.8562130e-01  9.3850765e-02 
   308 :  8.3334799e-01  1.6656797e-01 
   309 :  8.7970206e-01  8.4631223e-02 
   310 :  9.3208346e-01  1.6175314e-01 
   311 :  2.4029832e-01  3.5880608e-01 
   312 :  3.9539258e-01  3.0959304e-01 
   313 :  2.4188882e-01  7.3327152e-02 
   314 :  2.6975979e-01  2.2038668e-02 
   315 :  2.3491316e-01 -2.7992680e-02 
   316 :  7.3403148e-02 -7.5065416e-02 
   317 : -1.0728438e-01 -6.5210330e-02 
   318 : -1.6498540e-01 -9.3020431e-02 
   319 :  1.4825826e-02 -8.4431427e-02 
   320 : -1.5093800e+00 -1.0060487e-01 
   321 : -1.5084429e+00  3.0244371e-01 
   322 : -1.1827219e+00  2.8467413e-01 
   323 : -1.1266849e+00  2.9543990e-01 
   324 : -1.1650105e+00  3.4202213e-01 
   325 : -1.1010848e+00  3.5266751e-01 
   326 : -1.5835503e+00  2.1480720e-01 
   327 : -1.2346136e+00 -1.1837418e-01 
   328 : -1.3440176e+00 -1.5130426e-01 
   329 : -1.2753142e+00  3.4676720e-01 
   330 : -1.4574238e+00  3.3030872e-01 
   331 : -1.4096601e+00 -1.5087448e-01 
   332 : -1.1479622e+00 -3.7240961e-02 
   333 : -1.0869166e+00 -4.7767523e-02 
   334 : -1.5841371e+00 -1.1749058e-02 
   335 : -1.6402964e+00 -5.3914915e-03 
   336 : -1.6625812e+00  5.5066373e-02 
   337 : -1.7063256e+00  1.5325905e-03 
   338 : -1.7342397e+00  6.7397191e-02 
   339 : -1.7872350e+00  1.1516121e-02 
   340 : -1.6864270e+00  1.1641457e-01 
   341 : -1.4026993e+00  3.5074960e-01 
   342 : -1.3384805e+00  3.5401755e-01 
   343 :  1.4326860e+00  2.1710857e-01 
   344 :  1.2332339e+00  1.4958173e-01 
   345 :  1.2056418e+00  1.4140097e-01 
   346 :  1.2000083e+00  1.0830615e-01 
   347 :  1.1687579e+00  1.3317860e-01 
   348 :  1.1761000e+00  1.7249986e-01 
   349 :  1.1663452e+00  8.7471285e-02 
   350 :  1.1213012e+00  1.2316374e-01 
   351 :  1.4896435e+00  1.1506201e-01 
   352 :  1.5148962e+00  9.8915003e-02 
   353 :  1.5142736e+00  1.3113022e-01 
   354 :  1.5007846e+00  1.6525459e-01 
   355 :  1.4040357e+00 -2.2809837e-02 
   356 :  1.2466686e+00  3.1723981e-02 
   357 :  1.2227062e+00  3.2919620e-02 
   358 :  1.1446362e+00 -2.4337608e-02 
   359 :  1.2306508e+00  6.2136268e-03 
   360 :  1.2531309e+00 -2.0076464e-02 
   361 :  1.2020357e+00  5.7067385e-02 
   362 :  1.2835455e+00 -1.0468148e-02 
   363 :  1.2662876e+00  1.9368538e-01 
   364 :  1.2362038e+00  2.0037476e-01 
   365 :  1.1763984e+00  2.5504919e-01 
   366 :  1.2623590e+00  2.2210258e-01 
   367 :  1.4503663e+00  7.2861544e-03 
   368 :  1.3394000e+00 -3.2044022e-02 
   369 :  1.3665631e+00 -4.2231700e-02 
   370 :  1.3154863e+00  2.2473582e-01 
   371 :  1.2924169e+00  2.4235783e-01 
   372 :  1.3441535e+00  2.3024376e-01 
   373 :  1.4819374e+00  5.6551595e-02 
   374 :  1.4701264e+00  1.6963946e-01 
   375 : -3.7480140e-01  3.5315702e-01 
   376 :  6.1180121e-01  2.6611802e-01 
   377 :  2.0513917e-01  4.2453697e-01 
   378 :  1.1088021e+00  6.9370996e-02 
   379 :  1.0614867e+00  1.1184261e-01 
   380 : -1.2171591e+00  3.9404352e-01 
   381 : -1.6092704e+00  2.6488302e-01 
   382 : -1.7621055e+00  1.3655897e-01 
   383 : -4.3313048e-01  3.7906503e-01 
   384 : -1.0623259e+00  2.9747709e-01 
   385 :  1.4531349e+00 -2.2488419e-02 
   386 :  1.2787677e+00 -4.2835805e-02 
   387 : -1.6212991e+00  1.0536727e-01 
   388 : -1.1785533e+00 -1.4188413e-01 
   389 : -9.7775918e-01  3.2681808e-01 
   390 : -9.0860208e-01  3.8328833e-01 
   391 :  6.2927691e-01  2.6632151e-02 
   392 :  7.9446926e-01  2.5391585e-01 
   393 :  1.6616013e+00  1.0468681e-01 
   394 :  1.6787113e+00  1.6846773e-02 
   395 :  2.6195580e-01  1.9648720e-01 
   396 : -1.6798812e+00 -6.7499770e-02 
   397 :  9.7437551e-01  7.8828976e-02 
   398 :  9.1459508e-01 -5.6219945e-03 
   399 : -2.0123314e-01  1.0039714e-04 
   400 : -1.0060025e+00 -1.6258215e-01 
   401 : -9.5572117e-01 -8.4153184e-02 
   402 : -2.8526519e-01 -1.2741456e-01 
   403 : -1.0587752e+00  2.2311028e-02 
   404 : -9.8687688e-01 -1.3292467e-03 
   405 : -1.0329136e+00 -8.9711718e-02 
   406 :  4.5634613e-01 -6.0961164e-02 
   407 : -4.1762661e-01  1.6728132e-01 
   408 :  1.2280373e+00  8.6374772e-02 
   409 : -1.1310442e+00 -1.0011732e-01 
   410 : -1.5093737e+00 -1.5869864e-01 
   411 : -5.0229398e-01 -1.4055832e-01 
   412 : -5.5073172e-01 -6.3537931e-02 
   413 : -6.3509386e-01 -5.6435267e-02 
   414 : -6.9783031e-01 -1.3547107e-01 
   415 : -7.9898423e-01 -1.5678156e-01 
   416 : -4.6630270e-01 -6.3678782e-02 
   417 : -5.0825315e-01  9.4027403e-03 
   418 :  1.5025947e+00  2.6990174e-02 
   419 :  1.2098413e+00 -3.0482872e-02 
   420 : -5.8546940e-01  1.8583508e-02 
   421 : -2.9894828e-01  1.3170386e-01 
   422 :  9.9514488e-01  2.8543992e-01 
   423 :  1.0125405e+00  2.0436043e-01 
   424 : -1.5642720e+00 -1.1642196e-01 
   425 : -1.9222058e+00  9.7494817e-02 
   426 : -1.8765436e+00  1.8491581e-02 
   427 :  1.1531542e+00  3.5175848e-02 
   428 : -1.7831711e+00  2.1685255e-01 
   429 : -1.8232912e+00  8.1903921e-02 
   430 :  1.3119014e+00 -5.5846177e-02 
   431 :  3.0832445e-01  8.1805322e-02 
   432 :  3.3670044e-01  9.4119555e-03 
   433 : -1.1070630e+00  6.9640641e-02 
   434 : -2.8825075e-01  2.8924361e-01 
   435 : -2.1441189e-01  4.6372835e-01 
   436 :  6.0859806e-01  3.6045115e-01 
   437 : -2.7356547e-01  3.9966686e-01 
   438 : -6.1960112e-01  4.6325549e-01 
   439 : -6.7269132e-01  3.2812099e-02 
   440 : -5.6673493e-01  3.8249546e-01 
   441 :  1.4789630e+00 -9.0112498e-04 
   442 :  1.7783858e+00  2.0130688e-02 
   443 :  1.2154168e+00  1.7415290e-01 
   444 :  1.3727832e+00  2.3198153e-01 
   445 :  1.4005244e+00  2.2941709e-01 
   446 :  4.1527847e-01  3.9076611e-01 
   447 : -8.6233952e-01 -7.4878654e-02 
   448 :  1.4256900e+00 -3.7926457e-02 
   449 : -1.7341772e+00 -1.3353666e-01 
   450 : -1.6403695e+00  2.0659826e-01 
   451 :  1.4830122e+00  1.9499902e-01 
   452 :  1.5942672e+00  7.0523824e-02 
   453 : -8.8599808e-02 -1.2232680e-01 
   454 :  5.1870581e-01  2.5248972e-01 
   455 : -4.2831189e-01  4.6011520e-01 
   456 : -1.4503928e+00 -1.8985297e-01 
   457 :  1.3244008e+00  2.5154137e-01 
   458 : -8.2246511e-01  1.9434775e-01 
   459 :  1.2654258e+00  2.5737865e-01 
   460 :  1.1938374e+00  1.2759333e-02 
   461 :  1.1350285e+00  2.0887277e-01 
   462 :  1.7681955e-01 -1.6257013e-02 
   463 :  1.9312173e-01 -7.6463972e-02 
   464 :  8.2123263e-01  1.4779955e-02 
   465 :  5.4679947e-01  3.6509941e-02 
   466 : -1.1451176e+00  3.9875072e-01 
   467 : -1.6096948e+00 -6.7631819e-02 
   468 : -1.5673020e+00  3.1553074e-01 
   469 : -3.0882503e-01  1.9146768e-01 
   470 : -6.2221217e-01  2.5283602e-01 
   471 : -8.3144998e-01  2.6997797e-01 
   472 :  1.5104610e+00  6.5861153e-02 
   473 :  1.5423288e+00  7.7907041e-02 
   474 : -7.2108784e-01  4.5282825e-01 
   475 : -7.7219486e-01 -7.3084357e-02 
   476 :  3.8450203e-01  6.3542707e-02 
   477 : -8.7655490e-02  4.5921497e-01 
   478 : -1.5922565e-02 -1.3109179e-01 
   479 : -1.2386410e+00 -1.7652262e-01 
   480 : -1.3020864e+00 -1.9651315e-01 
   481 : -3.8582167e-01 -4.3491766e-02 
   482 : -4.9644695e-01  3.3581705e-01 
   483 : -1.3034989e+00  4.0330711e-01 
   484 :  4.3845763e-01  2.4530089e-01 
   485 :  2.6343952e-01 -9.3154945e-02 
   486 :  7.0067830e-01  2.4150395e-01 
   487 : -8.3249921e-01  3.5274817e-01 
   488 :  1.2849679e-01  4.5466101e-01 
   489 : -1.3751782e+00 -1.9868734e-01 
   490 :  1.3034840e-01 -1.1139543e-01 
   491 : -1.9225592e+00 -6.2692726e-02 
   492 : -1.0142014e+00  1.9456404e-01 
   493 :  1.3960173e+00 -5.0870690e-02 
   494 : -1.7597666e+00 -5.5390712e-02 
   495 : -6.2619906e-01  3.2726365e-01 
   496 : -9.3528029e-01  3.8321100e-02 
   497 :  1.2292153e+00  2.4133973e-01 
   498 :  1.1937576e+00  2.0889078e-01 
   499 : -1.0396396e+00  3.6177564e-01 
   500 : -4.0775622e-01  9.9677803e-02 
   501 : -3.5696191e-01  1.4798692e-01 
   502 : -1.7020767e+00  1.8279609e-01 
   503 :  4.0710300e-01 -8.1598657e-03 
   504 :  1.3444644e+00 -6.0382061e-02 
   505 :  5.4813217e-02  4.6712856e-01 
   506 : -5.3256473e-01  7.4660649e-02 
   507 : -3.1259282e-01  3.4276832e-01 
   508 : -2.1914188e-01 -1.3676383e-01 
   509 :  1.0837792e+00  1.7115329e-01 
   510 :  1.1011924e+00  2.0230971e-02 
   511 :  1.0482474e+00  4.4639185e-02 
   512 :  1.2412086e+00 -5.5175610e-02 
   513 :  6.6186879e-01 -5.4297475e-02 
   514 : -4.5786921e-01  5.5823868e-02 
   515 : -1.3795537e+00  3.9586287e-01 
   516 :  8.0593939e-01  3.3991565e-01 
   517 :  5.8938669e-02 -1.2598201e-01 
   518 : -2.3993881e-02  4.7098131e-01 
   519 : -9.1525879e-01  4.5981980e-01 
   520 : -1.0756172e+00  4.1478304e-01 
   521 :  1.5190730e+00  1.9021143e-01 
   522 : -1.0150013e+00  2.5827020e-01 
   523 : -1.1796355e+00 -2.0062309e-01 
   524 :  1.5501797e+00  1.1176954e-01 
   525 :  2.9317022e-01 -3.1174175e-02 
   526 : -1.5671397e+00 -1.8046126e-01 
   527 :  1.5409974e+00  1.5642414e-01 
   528 :  1.8540730e+00  2.8216171e-02 
   529 : -1.5162247e+00  3.5328980e-01 
   530 :  3.0724471e-01  1.4336754e-01 
   531 :  1.3548231e+00  2.5057478e-01 
   532 : -1.0242407e+00 -4.0130129e-02 
   533 : -1.1003172e+00  2.5451642e-01 
   534 :  1.0015135e+00  1.3594614e-01 
   535 :  9.3816772e-01  2.3654118e-01 
   536 : -9.2583046e-01 -2.4390927e-02 
   537 : -8.1366818e-01 -1.9207408e-02 
   538 :  2.9946035e-01  3.6033948e-01 
   539 :  4.7215662e-01  3.1238740e-01 
   540 :  1.7167198e+00  7.3307766e-02 
   541 : -7.6914184e-01  3.8711725e-01 
   542 : -1.6265702e+00  3.2161675e-01 
   543 : -1.8288644e+00 -3.4283046e-02 
   544 : -1.4517624e+00  3.7854221e-01 
   545 :  7.2737807e-01  2.4960616e-02 
   546 :  1.4519540e+00 -5.1599994e-02 
   547 : -1.4330967e-01  4.8397328e-01 
   548 :  1.4664912e+00  2.1505995e-01 
   549 : -3.7935157e-01  4.0938327e-01 
   550 : -3.1555364e-01  2.4150308e-01 
   551 : -4.4237484e-01 -1.8294137e-03 
   552 :  9.9135049e-01  8.4039487e-03 
   553 :  1.4845898e+00 -4.0198881e-02 
   554 : -4.9051356e-01  4.0463005e-01 
   555 :  5.5095624e-01  3.1706474e-01 
   556 :  2.7185846e-01  4.1086896e-01 
   557 :  8.7773424e-01  2.2402690e-01 
   558 :  5.0022977e-01 -1.1298913e-02 
   559 : -1.6527458e+00  1.5661770e-01 
   560 : -7.0667973e-01 -4.8245147e-02 
   561 :  1.1377981e+00  1.6382688e-01 
   562 : -3.4844448e-01 -1.1288778e-01 
   563 :  8.4467012e-01 -5.7905825e-02 
   564 :  1.5489141e+00 -2.4070981e-03 
   565 :  3.5503248e-01  3.5638689e-01 
   566 : -1.8920516e-01 -4.5992583e-02 
   567 :  9.7067788e-01 -4.8057876e-02 
   568 : -2.7491731e-01  4.6592457e-01 
   569 : -6.4714210e-01  3.9794952e-01 
   570 : -3.3131372e-01  3.9399063e-01 
   571 :  1.3824198e+00 -2.6336661e-02 
   572 :  5.2922362e-02  4.1688641e-01 
   573 :  1.1991066e+00  8.4804899e-02 
   574 : -1.0814393e+00 -1.1531965e-01 
Number of edges 176 
     0 :      0      4 
     1 :      4      5 
     2 :      5      6 
     3 :      6      7 
     4 :      7      8 
     5 :      8      9 
     6 :      9     10 
     7 :     10     11 
     8 :     11     12 
     9 :     12     13 
    10 :     13     14 
    11 :     14     15 
    12 :     15     16 
    13 :     16     17 
    14 :     17     18 
    15 :     18     19 
    16 :     19     20 
    17 :     20     21 
    18 :     21     22 
    19 :     22     23 
    20 :     23     24 
    21 :     24     25 
    22 :     25     26 
    23 :     26     27 
    24 :     27     28 
    25 :     28     29 
    26 :     29     30 
    27 :     30      0 
    28 :      1     31 
    29 :     31     32 
    30 :     32     33 
    31 :     33     34 
    32 :     34     35 
    33 :     35     36 
    34 :     36     37 
    35 :     37     38 
    36 :     38     39 
    37 :     39     40 
    38 :     40     41 
    39 :     41     42 
    40 :     42     43 
    41 :     43     44 
    42 :     44     45 
    43 :     45     46 
    44 :     46     47 
    45 :     47     48 
    46 :     48     49 
    47 :     49     50 
    48 :     50     51 
    49 :     51     52 
    50 :     52     53 
    51 :     53     54 
    52 :     54     55 
    53 :     55     56 
    54 :     56     57 
    55 :     57     58 
    56 :     58     59 
    57 :     59     60 
    58 :     60     61 
    59 :     61     62 
    60 :     62     63 
    61 :     63     64 
    62 :     64     65 
    63 :     65     66 
    64 :     66     67 
    65 :     67     68 
    66 :     68     69 
    67 :     69     70 
    68 :     70     71 
    69 :     71     72 
    70 :     72     73 
    71 :     73     74 
    72 :     74     75 
    73 :     75     76 
    74 :     76     77 
    75 :     77     78 
    76 :     78     79 
    77 :     79     80 
    78 :     80     81 
    79 :     81     82 
    80 :     82     83 
    81 :     83     84 
    82 :     84     85 
    83 :     85     86 
    84 :     86     87 
    85 :     87     88 
    86 :     88     89 
    87 :     89     90 
    88 :     90     91 
    89 :     91     92 
    90 :     92     93 
    91 :     93     94 
    92 :     94     95 
    93 :     95     96 
    94 :     96     97 
    95 :     97     98 
    96 :     98     99 
    97 :     99    100 
    98 :    100    101 
    99 :    101    102 
   100 :    102    103 
   101 :    103    104 
   102 :    104    105 
   103 :    105    106 
   104 :    106    107 
   105 :    107    108 
   106 :    108    109 
   107 :    109    110 
   108 :    110    111 
   109 :    111    112 
   110 :    112    113 
   111 :    113    114 
   112 :    114    115 
   113 :    115    116 
   114 :    116    117 
   115 :    117    118 
   116 :    118    119 
   117 :    119    120 
   118 :    120    121 
   119 :    121    122 
   120 :    122    123 
   121 :    123      1 
   122 :      2    124 
   123 :    124    125 
   124 :    125    126 
   125 :    126    127 
   126 :    127    128 
   127 :    128    129 
   128 :    129    130 
   129 :    130    131 
   130 :    131    132 
   131 :    132    133 
   132 :    133    134 
   133 :    134    135 
   134 :    135    136 
   135 :    136    137 
   136 :    137    138 
   137 :    138    139 
   138 :    139    140 
   139 :    140    141 
   140 :    141    142 
   141 :    142    143 
   142 :    143    144 
   143 :    144    145 
   144 :    145    146 
   145 :    146    147 
   146 :    147    148 
   147 :    148    149 
   148 :    149      2 
   149 :      3    150 
   150 :    150    151 
   151 :    151    152 
   152 :    152    153 
   153 :    153    154 
   154 :    154    155 
   155 :    155    156 
   156 :    156    157 
   157 :    157    158 
   158 :    158    159 
   159 :    159    160 
   160 :    160    161 
   161 :    161    162 
   162 :    162    163 
   163 :    163    164 
   164 :    164    165 
   165 :    165    166 
   166 :    166    167 
   167 :    167    168 
   168 :    168    169 
   169 :    169    170 
   170 :    170    171 
   171 :    171    172 
   172 :    172    173 
   173 :    173    174 
   174 :    174    175 
   175 :    175      3 
Number of triangles 978 
     0 :    130    342    341
     1 :    381    542    226
     2 :     38    445    343
     3 :    463    490    103
     4 :    404    532    401
     5 :    238    433    403
     6 :     99    453    318
     7 :    354    451    374
     8 :    313    431    180
     9 :    282    481    280
    10 :    222    425     77
    11 :    444    445     39
    12 :     68    380     67
    13 :    420    439    413
    14 :    389    390    203
    15 :    401    532    405
    16 :     78    222     77
    17 :    439    560    413
    18 :    466    520     67
    19 :    361    460    357
    20 :    365    497     42
    21 :    380    466     67
    22 :    446    539    187
    23 :    113    419    358
    24 :    238    403    240
    25 :    402    562     97
    26 :    382    428    201
    27 :    196    436    376
    28 :    312    539    446
    29 :    469    501    421
    30 :    384    522    389
    31 :    360    386    362
    32 :     79    491    222
    33 :     98    402     97
    34 :    388    523    227
    35 :    431    530    180
    36 :    358    510    195
    37 :    390    487    181
    38 :    201    429    382
    39 :     80    491     79
    40 :    318    566    284
    41 :    226    450    381
    42 :    360    512    386
    43 :     38    343     37
    44 :    405    574    400
    45 :     31    123      1
    46 :    354    374    213
    47 :    377    556     52
    48 :    376    486    196
    49 :    401    536    404
    50 :    227    409    388
    51 :    513    545    391
    52 :    280    481    283
    53 :     53    377     52
    54 :    400    574    227
    55 :    343    445      8
    56 :     28    367    207
    57 :     16    344    179
    58 :     30    373    192
    59 :     22    362    225
    60 :    393    452    394
    61 :    103    490    102
    62 :    115    430    114
    63 :    180    530    395
    64 :     35    219     34
    65 :    468    529     72
    66 :    113    358    112
    67 :    394    452    214
    68 :     43    365     42
    69 :    162    273    176
    70 :    175    313    180
    71 :    168    317    235
    72 :    292    395    295
    73 :    190    545    513
    74 :    390    519    203
    75 :    129    342    130
    76 :    396    449    230
    77 :    125    236    189
    78 :     39    445     38
    79 :    488    505    287
    80 :    270    501    469
    81 :    198    365     43
    82 :    371    457     41
    83 :     67    520     66
    84 :    426    429    425
    85 :    143    331    328
    86 :    146    327    209
    87 :    483    515    342
    88 :    181    519    390
    89 :    236    533    189
    90 :    272    569    474
    91 :    425    429    201
    92 :    112    358    195
    93 :    318    508     99
    94 :    336    387    340
    95 :    119    553    118
    96 :    230    467    396
    97 :    226    542     73
    98 :    474    569    438
    99 :     31    528    123
   100 :    120    214    119
   101 :    361    573    349
   102 :    233    553    119
   103 :     35    527    219
   104 :    447    536    401
   105 :     90    400    227
   106 :    395    530    295
   107 :    424    467    230
   108 :    284    399    279
   109 :     92    415    193
   110 :    206    491     81
   111 :    339    429    426
   112 :    434    507    265
   113 :    182    554    455
   114 :    198    461    365
   115 :    116    493    369
   116 :    261    560    439
   117 :     50    446    187
   118 :    182    455     60
   119 :    196    486    392
   120 :    414    415     93
   121 :    284    508    318
   122 :     76    425    201
   123 :    105    406    216
   124 :    369    504    116
   125 :    269    536    447
   126 :    392    516    196
   127 :     36    548    451
   128 :    203    499    389
   129 :     33    540     32
   130 :     32    540    442
   131 :    214    564    119
   132 :    191    395    292
   133 :    389    499    384
   134 :    418    441    233
   135 :    411    412    178
   136 :     41    459    371
   137 :    452    524    473
   138 :    403    433    184
   139 :     42    459     41
   140 :     94    414     93
   141 :    342    515    341
   142 :    455    554    383
   143 :    349    427    361
   144 :    273    469    176
   145 :    382    429    338
   146 :     68    483    380
   147 :    391    465    183
   148 :    284    566    399
   149 :    193    447    401
   150 :    176    469    421
   151 :     72    529     71
   152 :    224    490    463
   153 :    185    387    336
   154 :    346    408    179
   155 :    344    443    345
   156 :    411    416    412
   157 :    279    399    186
   158 :    282    551    481
   159 :    403    404    240
   160 :     84    230     83
   161 :    416    417    412
   162 :    389    522    267
   163 :    386    512    114
   164 :    278    421    281
   165 :    193    401    400
   166 :     74    226     73
   167 :    415    447    193
   168 :    123    528    122
   169 :     95    411    178
   170 :    183    513    391
   171 :     90    227     89
   172 :     44    198     43
   173 :    427    460    361
   174 :    227    523     89
   175 :     37    548     36
   176 :    414    475    415
   177 :     62    474    438
   178 :    431    476    297
   179 :     77    425     76
   180 :     52    220     51
   181 :    110    567    398
   182 :    259    270    265
   183 :    193    400     91
   184 :    259    407    270
   185 :    418    564    234
   186 :    194    408    361
   187 :    356    359    205
   188 :    351    353    213
   189 :    401    405    400
   190 :     93    415     92
   191 :    199    416    411
   192 :    100    453     99
   193 :    343    548     37
   194 :     58    435     57
   195 :    456    489    331
   196 :    385    441    367
   197 :    418    472    373
   198 :    233    564    418
   199 :    398    563    110
   200 :    493    571    369
   201 :     59    210     58
   202 :    333    574    405
   203 :    338    429    339
   204 :    224    463    462
   205 :    354    527    521
   206 :    105    216    104
   207 :     66    203     65
   208 :    230    449     83
   209 :    521    527     35
   210 :    382    502    428
   211 :     61    438    182
   212 :    201    428     75
   213 :    384    533    260
   214 :    422    423    198
   215 :      7    343      8
   216 :     27    367     28
   217 :     15    344     16
   218 :     23    368     24
   219 :     29    373     30
   220 :     21    362     22
   221 :    290    311    217
   222 :    318    453    317
   223 :    112    195    111
   224 :     97    199     96
   225 :    199    411     96
   226 :    367    441    207
   227 :    344    345    179
   228 :    373    472    192
   229 :    362    386    225
   230 :    153    285    154
   231 :    161    273    162
   232 :    167    317    168
   233 :    174    313    175
   234 :    309    397    310
   235 :    183    406    106
   236 :     41    457     40
   237 :    327    479    388
   238 :    426    543    339
   239 :    260    533    236
   240 :     76    201     75
   241 :    142    331    143
   242 :    128    329    129
   243 :    145    327    146
   244 :    124    236    125
   245 :    397    511    379
   246 :    479    480     88
   247 :     36    521     35
   248 :    187    436     49
   249 :    200    422     45
   250 :    227    574    409
   251 :    322    324    211
   252 :    387    559    340
   253 :    368    369     24
   254 :     97    562    199
   255 :    277    421    278
   256 :     92    193     91
   257 :     61    182     60
   258 :    252    439    420
   259 :    423    535    310
   260 :    412    413    178
   261 :    412    420    413
   262 :    506    514    256
   263 :    114    512    113
   264 :     81    491     80
   265 :    216    485    104
   266 :    409    574    333
   267 :    317    453    235
   268 :    122    442    121
   269 :    178    414     94
   270 :    222    426    425
   271 :    255    407    259
   272 :     91    400     90
   273 :    438    440    182
   274 :     50    187     49
   275 :    406    503    216
   276 :    360    362    205
   277 :    265    507    375
   278 :    419    460    358
   279 :    206    543    491
   280 :    285    287    154
   281 :     58    568    435
   282 :    200    516    392
   283 :    106    406    105
   284 :    262    482    440
   285 :    214    452    234
   286 :    423    509    198
   287 :    487    541    181
   288 :    259    265    263
   289 :    329    342    129
   290 :    331    489    328
   291 :    327    388    209
   292 :     64    181     63
   293 :     74    428    226
   294 :    255    259    258
   295 :    217    377    285
   296 :    107    183    106
   297 :    256    407    255
   298 :    219    524    452
   299 :    405    532    333
   300 :     34    393     33
   301 :    477    518     56
   302 :     88    480     87
   303 :    417    420    412
   304 :    247    439    249
   305 :    253    255    254
   306 :    198    509    461
   307 :     69    515    483
   308 :    203    519     65
   309 :     95    178     94
   310 :    211    380    329
   311 :    379    534    397
   312 :    249    251    250
   313 :    177    433    238
   314 :    309    310    308
   315 :    220    446     51
   316 :     44    422    198
   317 :     96    411     95
   318 :    432    476    431
   319 :    392    557    200
   320 :    252    253    251
   321 :    202    559    387
   322 :    267    492    242
   323 :     62    438     61
   324 :    435    437    276
   325 :    452    473    234
   326 :    428    502    226
   327 :     82    206     81
   328 :    253    256    255
   329 :    260    522    384
   330 :    414    560    475
   331 :    309    398    397
   332 :     26    355    221
   333 :     10    444    372
   334 :    192    351      0
   335 :    179    408     17
   336 :    194    356     19
   337 :    215    363     13
   338 :    213    374      5
   339 :     12    370    215
   340 :     14    363    197
   341 :     20    356    205
   342 :      4    351    213
   343 :     18    408    194
   344 :     11    372    370
   345 :      9    445    444
   346 :      6    374    232
   347 :    234    472    418
   348 :    509    534    379
   349 :     24    571     25
   350 :     53    488    377
   351 :    253    254    251
   352 :    310    534    423
   353 :     48    436    196
   354 :     54    505    488
   355 :    154    572    155
   356 :     49    436     48
   357 :    354    521    451
   358 :    307    309    308
   359 :    247    249    248
   360 :    265    550    434
   361 :    121    442    394
   362 :    109    190    108
   363 :    249    252    251
   364 :    113    512    419
   365 :     79    222     78
   366 :    249    439    252
   367 :    348    498    461
   368 :     98    508    402
   369 :     59    455    210
   370 :     82    449    206
   371 :    216    525    485
   372 :    231    288    157
   373 :    218    274    159
   374 :    176    277    163
   375 :    164    277    186
   376 :    160    274    188
   377 :    186    399    165
   378 :    191    290    151
   379 :    152    290    217
   380 :    166    399    212
   381 :    156    286    231
   382 :    150    395    191
   383 :    158    288    218
   384 :    180    395      3
   385 :    224    462    172
   386 :    171    316    224
   387 :    173    462    204
   388 :    235    319    169
   389 :    170    319    316
   390 :     45    422     44
   391 :    230    526    424
   392 :     46    200     45
   393 :     48    196     47
   394 :    385    553    441
   395 :      2    433    177
   396 :    255    258    254
   397 :    307    464    309
   398 :     51    446     50
   399 :    413    414    178
   400 :    276    437    275
   401 :    119    564    233
   402 :    292    295    294
   403 :    103    485    463
   404 :    396    494    449
   405 :    420    506    252
   406 :    185    334    138
   407 :    208    320    140
   408 :    209    332    147
   409 :    184    433    149
   410 :    223    326    134
   411 :    133    321    223
   412 :    189    322    126
   413 :    132    330    321
   414 :    141    320    229
   415 :    127    322    211
   416 :    202    387    136
   417 :    144    328    228
   418 :    137    387    185
   419 :    131    341    330
   420 :    135    326    202
   421 :    148    332    184
   422 :    139    334    208
   423 :    120    394    214
   424 :     69    483     68
   425 :    249    250    248
   426 :    307    308    306
   427 :    311    377    217
   428 :    301    454    299
   429 :    121    394    120
   430 :     64    519    181
   431 :    359    360    205
   432 :    353    354    213
   433 :    417    514    506
   434 :    273    550    469
   435 :    308    392    306
   436 :    107    513    183
   437 :    247    248    245
   438 :    305    307    306
   439 :    355    571    493
   440 :    336    340    338
   441 :     60    455     59
   442 :     83    449     82
   443 :    324    380    211
   444 :    257    267    242
   445 :     66    520    203
   446 :    118    546    117
   447 :    259    263    258
   448 :    503    558    304
   449 :    250    266    264
   450 :    422    535    423
   451 :    246    247    245
   452 :    271    471    264
   453 :    261    439    247
   454 :    176    421    277
   455 :    265    375    263
   456 :    302    391    305
   457 :    421    501    281
   458 :    204    462    315
   459 :    434    550    273
   460 :    377    488    285
   461 :    505    518    286
   462 :    376    454    301
   463 :    264    458    248
   464 :    250    264    248
   465 :     56    518     55
   466 :    297    530    431
   467 :    199    481    416
   468 :     84    526    230
   469 :    303    376    301
   470 :    192    472    352
   471 :    396    467    335
   472 :    274    276    275
   473 :    254    470    251
   474 :    402    508    284
   475 :    268    389    267
   476 :     75    428     74
   477 :    410    526     85
   478 :    266    271    264
   479 :    369    571     24
   480 :     63    474     62
   481 :    380    483    329
   482 :    305    306    303
   483 :    295    297    296
   484 :    246    261    247
   485 :    219    393     34
   486 :    407    501    270
   487 :    298    304    300
   488 :    307    545    464
   489 :    244    269    246
   490 :    257    268    267
   491 :     52    556    220
   492 :    253    506    256
   493 :     54    488     53
   494 :    302    465    391
   495 :    335    467    334
   496 :    302    305    303
   497 :    188    434    273
   498 :    190    513    108
   499 :    277    278    186
   500 :    394    540    393
   501 :    219    452    393
   502 :    181    474     63
   503 :    245    458    243
   504 :    417    506    420
   505 :    287    572    154
   506 :    241    244    243
   507 :    266    272    271
   508 :    104    485    103
   509 :    283    284    279
   510 :    364    498    443
   511 :    302    303    301
   512 :    309    464    398
   513 :    281    501    500
   514 :    515    544    341
   515 :    392    486    306
   516 :    453    478    235
   517 :    244    246    245
   518 :    251    470    250
   519 :    244    245    243
   520 :    423    534    509
   521 :    248    458    245
   522 :    243    458    257
   523 :    243    257    242
   524 :    191    291    290
   525 :      0    351      4
   526 :     13    363     14
   527 :     30    192      0
   528 :     16    179     17
   529 :     26    221     27
   530 :     20    205     21
   531 :     11    370     12
   532 :      9    444     10
   533 :     19    356     20
   534 :     25    355     26
   535 :     10    372     11
   536 :     18    194     19
   537 :      5    374      6
   538 :      4    213      5
   539 :     17    408     18
   540 :     22    225     23
   541 :      8    445      9
   542 :     14    197     15
   543 :      6    232      7
   544 :     12    215     13
   545 :     28    207     29
   546 :    355    493    448
   547 :    300    302    301
   548 :    256    500    407
   549 :    241    243    242
   550 :    150    191    151
   551 :      2    177    124
   552 :    210    568     58
   553 :    258    262    254
   554 :     85    456    410
   555 :    370    457    371
   556 :    215    371    366
   557 :    363    366    364
   558 :    278    281    280
   559 :    268    390    389
   560 :     99    508     98
   561 :    109    563    190
   562 :    454    484    299
   563 :    340    382    338
   564 :    345    443    348
   565 :    323    384    325
   566 :    388    409    209
   567 :    328    489    480
   568 :    189    323    322
   569 :    304    465    300
   570 :    159    274    160
   571 :    157    288    158
   572 :    164    186    165
   573 :    173    204    174
   574 :    155    286    156
   575 :    156    231    157
   576 :    162    176    163
   577 :    165    399    166
   578 :    158    218    159
   579 :      3    395    150
   580 :    163    277    164
   581 :    152    217    153
   582 :    160    188    161
   583 :    151    290    152
   584 :    175    180      3
   585 :    171    224    172
   586 :    170    316    171
   587 :    166    212    167
   588 :    168    235    169
   589 :    172    462    173
   590 :    169    319    170
   591 :    250    470    266
   592 :    262    470    254
   593 :    295    296    294
   594 :     46    516    200
   595 :    196    516     47
   596 :    406    558    503
   597 :    355    448    221
   598 :    192    352    351
   599 :    194    357    356
   600 :    215    366    363
   601 :    370    371    215
   602 :    363    364    197
   603 :    372    457    370
   604 :    374    451    232
   605 :    185    335    334
   606 :    264    471    458
   607 :    303    486    376
   608 :    241    242    239
   609 :    122    528    442
   610 :    332    409    333
   611 :    298    476    304
   612 :    149    433      2
   613 :    139    208    140
   614 :    131    330    132
   615 :    133    223    134
   616 :    132    321    133
   617 :    143    328    144
   618 :    125    189    126
   619 :    135    202    136
   620 :    140    320    141
   621 :    146    209    147
   622 :    126    322    127
   623 :    137    185    138
   624 :    141    229    142
   625 :    144    228    145
   626 :    134    326    135
   627 :    148    184    149
   628 :    127    211    128
   629 :    136    387    137
   630 :    138    334    139
   631 :    147    332    148
   632 :    130    341    131
   633 :    440    495    262
   634 :    372    531    457
   635 :    222    491    426
   636 :    490    517    102
   637 :    300    301    299
   638 :    297    298    296
   639 :    266    495    272
   640 :    368    504    369
   641 :    225    430    368
   642 :     86    456     85
   643 :    464    545    190
   644 :    300    465    302
   645 :    274    275    188
   646 :    415    475    447
   647 :    375    383    263
   648 :    267    522    492
   649 :    190    563    464
   650 :    404    496    240
   651 :    346    573    408
   652 :    216    503    432
   653 :    232    343      7
   654 :    225    368     23
   655 :    205    362     21
   656 :    197    344     15
   657 :    207    373     29
   658 :    221    367     27
   659 :    289    435    276
   660 :    231    518    477
   661 :    288    477    289
   662 :    218    289    276
   663 :    316    517    490
   664 :    478    517    319
   665 :    491    543    426
   666 :    298    300    299
   667 :    298    299    296
   668 :    275    434    188
   669 :    102    517    101
   670 :    337    494    396
   671 :    271    487    471
   672 :    479    523    388
   673 :     71    544     70
   674 :    240    241    239
   675 :    231    477    288
   676 :    218    276    274
   677 :    288    289    218
   678 :    286    518    231
   679 :    316    490    224
   680 :    235    478    319
   681 :    319    517    316
   682 :     85    526     84
   683 :    257    471    268
   684 :    281    282    280
   685 :    458    471    257
   686 :    529    544     71
   687 :    310    557    308
   688 :    240    496    241
   689 :    306    486    303
   690 :    320    424    410
   691 :    208    467    424
   692 :    381    450    326
   693 :    223    468    381
   694 :    177    238    237
   695 :    339    494    337
   696 :    208    424    320
   697 :    209    409    332
   698 :    321    468    223
   699 :    223    381    326
   700 :    320    410    229
   701 :    328    480    228
   702 :    326    450    202
   703 :    332    333    184
   704 :    334    467    208
   705 :    197    443    344
   706 :    191    292    291
   707 :    217    285    153
   708 :    188    273    161
   709 :    212    317    167
   710 :    204    313    174
   711 :    278    279    186
   712 :    244    496    269
   713 :    413    560    414
   714 :    117    493    116
   715 :    177    236    124
   716 :    297    476    298
   717 :     86    489    456
   718 :    101    478    100
   719 :    292    294    293
   720 :    482    554    440
   721 :    321    529    468
   722 :    476    503    304
   723 :    211    329    128
   724 :    228    327    145
   725 :    229    331    142
   726 :    200    535    422
   727 :    238    240    239
   728 :    294    312    293
   729 :    278    280    279
   730 :    280    283    279
   731 :    500    501    407
   732 :    185    336    335
   733 :     40    531     39
   734 :    461    561    348
   735 :    416    551    417
   736 :    358    460    427
   737 :    448    493    117
   738 :    116    504    115
   739 :    237    260    236
   740 :    270    550    265
   741 :     73    542     72
   742 :    336    338    337
   743 :    324    466    380
   744 :    408    573    361
   745 :    437    507    275
   746 :    391    545    305
   747 :    340    502    382
   748 :    333    403    184
   749 :     87    489     86
   750 :    252    506    253
   751 :    271    541    487
   752 :     55    505     54
   753 :    263    482    258
   754 :    234    564    214
   755 :    226    502    450
   756 :    177    237    236
   757 :    258    482    262
   758 :    436    555    376
   759 :     57    547     56
   760 :    464    563    398
   761 :    397    534    310
   762 :     39    531    444
   763 :     70    515     69
   764 :    378    427    349
   765 :    238    239    237
   766 :    330    544    529
   767 :    289    547    435
   768 :    183    558    406
   769 :    268    487    390
   770 :    461    498    365
   771 :    338    339    337
   772 :     89    523     88
   773 :    449    494    206
   774 :    337    396    335
   775 :    296    484    294
   776 :    430    504    368
   777 :    294    484    312
   778 :    229    456    331
   779 :    283    402    284
   780 :    323    325    324
   781 :    383    482    263
   782 :    444    531    372
   783 :    446    565    312
   784 :    100    478    453
   785 :    432    525    216
   786 :    442    528     32
   787 :    241    496    244
   788 :    291    311    290
   789 :    246    537    261
   790 :    471    487    268
   791 :    462    463    315
   792 :    345    346    179
   793 :    386    430    225
   794 :    187    555    436
   795 :    323    324    322
   796 :    393    540     33
   797 :    330    529    321
   798 :    481    562    283
   799 :     32    528     31
   800 :    292    293    291
   801 :    432    503    476
   802 :    447    537    269
   803 :    299    484    296
   804 :    242    492    239
   805 :    349    573    346
   806 :    314    432    431
   807 :    470    495    266
   808 :    108    513    107
   809 :    336    337    335
   810 :    195    567    111
   811 :    435    568    437
   812 :    314    431    313
   813 :     47    516     46
   814 :    261    537    475
   815 :    497    498    364
   816 :    281    500    282
   817 :    384    499    325
   818 :     65    519     64
   819 :    325    466    324
   820 :    262    495    470
   821 :    535    557    310
   822 :    111    567    110
   823 :    295    530    297
   824 :    341    544    330
   825 :    481    551    416
   826 :    323    533    384
   827 :    350    509    379
   828 :    539    555    187
   829 :    357    359    356
   830 :    364    443    197
   831 :    352    353    351
   832 :    194    361    357
   833 :     55    518    505
   834 :    440    554    182
   835 :    207    441    418
   836 :    220    565    446
   837 :    237    492    260
   838 :    204    315    314
   839 :    275    507    434
   840 :    472    473    352
   841 :    239    492    237
   842 :    435    547     57
   843 :    350    379    378
   844 :    480    489     87
   845 :    383    549    455
   846 :    442    540    394
   847 :    117    546    448
   848 :    371    459    366
   849 :    366    497    364
   850 :     70    544    515
   851 :    210    570    437
   852 :    285    488    287
   853 :    207    418    373
   854 :    221    385    367
   855 :    463    485    315
   856 :    329    483    342
   857 :    424    526    410
   858 :    398    552    397
   859 :    410    456    229
   860 :    403    532    404
   861 :    399    566    212
   862 :    221    448    385
   863 :    212    318    317
   864 :    204    314    313
   865 :    457    531     40
   866 :    376    555    454
   867 :    350    378    349
   868 :    455    549    210
   869 :    228    479    327
   870 :    339    543    494
   871 :    283    562    402
   872 :    496    536    269
   873 :    305    545    307
   874 :    499    520    325
   875 :    256    514    500
   876 :    110    563    109
   877 :    375    549    383
   878 :    438    569    440
   879 :    451    548    232
   880 :    437    568    210
   881 :    404    536    496
   882 :    469    550    270
   883 :    269    537    246
   884 :    286    572    505
   885 :    228    480    479
   886 :    308    557    392
   887 :    101    517    478
   888 :    441    553    233
   889 :    459    497    366
   890 :    485    525    315
   891 :    345    348    347
   892 :    474    541    272
   893 :    538    556    311
   894 :    312    565    293
   895 :    475    537    447
   896 :    272    541    271
   897 :    494    543    206
   898 :    454    539    484
   899 :    454    555    539
   900 :    325    520    466
   901 :    379    511    378
   902 :    212    566    318
   903 :    492    522    260
   904 :    181    541    474
   905 :    495    569    272
   906 :    468    542    381
   907 :    500    514    282
   908 :    505    572    287
   909 :    234    473    472
   910 :    465    558    183
   911 :    203    520    499
   912 :    189    533    323
   913 :    451    521     36
   914 :    304    558    465
   915 :    347    350    349
   916 :    477    547    289
   917 :    417    551    514
   918 :    427    510    358
   919 :    314    525    432
   920 :    397    552    511
   921 :    378    510    427
   922 :    475    560    261
   923 :    232    548    343
   924 :    443    498    348
   925 :     88    523    479
   926 :    350    561    509
   927 :    333    532    403
   928 :    348    561    347
   929 :    315    525    314
   930 :    484    539    312
   931 :    347    349    346
   932 :    359    419    360
   933 :    353    527    354
   934 :     25    571    355
   935 :    378    511    510
   936 :    345    347    346
   937 :    502    559    450
   938 :    357    460    359
   939 :    155    572    286
   940 :    347    561    350
   941 :    293    538    291
   942 :    552    567    195
   943 :    115    504    430
   944 :    437    570    507
   945 :    291    538    311
   946 :    340    559    502
   947 :    419    512    360
   948 :    365    498    497
   949 :    448    546    385
   950 :    383    554    482
   951 :    509    561    461
   952 :    220    556    538
   953 :    199    562    481
   954 :    311    556    377
   955 :     56    547    477
   956 :    450    559    202
   957 :    352    524    353
   958 :     72    542    468
   959 :    514    551    282
   960 :    510    511    195
   961 :    359    460    419
   962 :    524    527    353
   963 :    507    570    375
   964 :    440    569    495
   965 :    375    570    549
   966 :    546    553    385
   967 :    511    552    195
   968 :    473    524    352
   969 :    219    527    524
   970 :    200    557    535
   971 :    398    567    552
   972 :    549    570    210
   973 :    293    565    538
   974 :    538    565    220
   975 :    118    553    546
   976 :     42    497    459
   977 :    114    430    386
Number of domains 4
  Domain :      0 
  Name : Circle1
  Number of elements :     28
     0     1     2     3     4     5     6     7     8     9
    10    11    12    13    14    15    16    17    18    19
    20    21    22    23    24    25    26    27
  Domain :      1 
  Name : Foil
  Number of elements :     94
    28    29    30    31    32    33    34    35    36    37
    38    39    40    41    42    43    44    45    46    47
    48    49    50    51    52    53    54    55    56    57
    58    59    60    61    62    63    64    65    66    67
    68    69    70    71    72    73    74    75    76    77
    78    79    80    81    82    83    84    85    86    87
    88    89    90    91    92    93    94    95    96    97
    98    99   100   101   102   103   104   105   106   107
   108   109   110   111   112   113   114   115   116   117
   118   119   120   121
  Domain :      2 
  Name : Circle2
  Number of elements :     27
   122   123   124   125   126   127   128   129   130   131
   132   133   134   135   136   137   138   139   140   141
   142   143   144   145   146   147   148
  Domain :      3 
  Name : Circle3
  Number of elements :     27
   149   150   151   152   153   154   155   156   157   158
   159   160   161   162   163   164   165   166   167   168
   169   170   171   172   173   174   175
